32200710524837000193550010002454381100027166
32200710524837000193550010002454391100287041
32200710524837000193550010002454401100201458
35200755254825000205550010013030521071464864
35200755254825000205550010013030531968409720
35200774562745000180550000001317661577726930
42200786532538003269550010010254021000974251
35200704201168000116550010002913241001343123
35200755186423000130550010004206831723452144
35200755186423000130550010004206971934832295
35200755254825000205550010013038851202456350
35200755254825000205550010013038851202456350
35200755254825000205550010013038841525438917
35200755254825000205550010013043601805585478
35200755254825000205550010013043611147356340
35200755254825000205550010013043611147356340
35200755186423000130550010004207621224709331
35200755186423000130550010004207721227569286
35200755254825000205550010013054431331733187
35200755254825000205550010013054331393483951
35200755254825000205550010013054321695672865
35200755254825000205550010013054321695672865
35200755254825000205550010013054311992459220
35200755254825000205550010013054311992459220
35200755254825000205550010013054701809441914
35200755254825000205550010013055311829419423
35200755254825000205550010013055311829419423
35200755254825000205550010013055301758518583
35200755254825000205550010013055301758518583
35200700585121000223550010002371861253973481
35200700585121000223550010002371431973010854
35200700585121000223550010002371441810943328
35200700585121000223550010002371871401305225
32200710524837000193550010002463901100177310
32200710524837000193550010002463891100129153
35200747595863000465550010009974741168567158
35200755186423000130550010004210421207674359
35200755254825000205550010013066781861616510
35200755254825000205550010013066771178167498
35200755254825000205550010013066791415180446
42200783475913000272550010020026131094505877
42200783475913000272550010020026141094505882
42200783475913000272550010020026351094506137
35200755186423000130550010004211281947342038
35200747595863000465550010009985261230909404
35200755254825000205550010013081671696439504
35200755254825000205550010013081681314966787
35200755254825000205550010013081691117149988
35200747595863000465550010009987671595385492
35200755254825000205550010013086011510621817
35200755254825000205550010013086011510621817
42200733487424000181550010000007481001740590
35200755186423000130550010004213601575655798
35200755186423000130550010004215031607615154
35200755254825000205550010013089561390000238
35200755254825000205550010013089581131251964
35200755254825000205550010013089571418265114
42200708944802000161550010003113631100307268
35200755186423000130550010004215801604519714
35200755254825000205550010013098011455479703
35200755254825000205550010013098011455479703
35200755254825000205550010013097991310954893
35200755254825000205550010013098001129830897
35200721227734000188550010000649961113422194
35200721227734000188550010000649971585228542
35200747595863000465550010009996171305545332
35200747595863000465550010009996161025579590
35200755186423000130550010004216971424108867
35200755254825000205550010013102321568321907
35200755254825000205550010013102311265858079
35200755254825000205550010013102331932231848
35200774562745000180550000001326861757635668
35200774562745000180550000001326871253752587
42200786532538003005550010006308891001056190
42200786532538003005550010006308911001056252
42200786532538003269550010010285921001056201
42200786532538003269550010010285951001056246
42200708944802000161550010003116461100070360
35200755186423000130550010004218421456269893
35200755254825000205550010013114531745711813
35200755254825000205550010013114531745711813
35200700585121000223550010002387221902594591
35200700585121000223550010002387201710544702
35200700585121000223550010002387211675750574
35200704201168000116550010002924851001369225
35200704201168000116550010002924861001369230
35200748173223000187550010004287751006558832
35200755254825000205550010013119571682814447
35200755254825000205550010013119611451105532
35200755254825000205550010013119581602115153
35200755254825000205550010013119561831927160
35200755254825000205550010013119591466194066
35200755254825000205550010013119601150309450
42200775339051000141550070011678221722179764
42200775339051000141550070011678221722179764
35200704201168000116550010002926261001373117
35200704201168000116550010002926251001373101
42200708944802000161550010003119691100148573
35200755186423000130550010004220171280711228
35200755254825000205550010013130741745854875
35200755254825000205550010013130741745854875
35200755254825000205550010013130941286881048
35200724744735000198550010000022051830836413
35200755254825000205550010013154341835306228
35200755254825000205550010013154351055240241
35200755254825000205550010013154351055240241
35200755254825000205550010013163861744063093
35200755254825000205550010013163871267984894
35200755254825000205550010013163871267984894
35200755254825000205550010013170431567164756
35200755254825000205550010013170471468896898
35200704201168000116550010002935701001392879
35200704201168000116550010002935691001392860
35200747595863000465550010010051091900041210
35200755186423000130550010004229401917505080
42200786532538003005550010006338821001153848
42200786532538003005550010006338831001153853
42200786532538003269550010010326371001153908
35200700585121000223550010002405001251084158
35200700585121000223550010002404991592937808
32200710524837000193550020001006731100202479
32200710524837000193550010002495741100090984
32200710524837000193550020001007081100278146
35200747595863000465550010010053871869024655
35200747595863000465550010010053811962138700
35200748173223000187550010004310291006581762
35200755254825000205550010013193701953780956
35200755254825000205550010013193711321909542
35200755254825000205550010013194351181695463
35200755254825000205550010013194331213693571
35200755254825000205550010013194341356241167
35200755186423000130550010004231141440409352
42200775339051000141550070011757811565005268
42200775339051000141550070011757811565005268
